     210.420       209.552         209.552    
     210.420       209.552         209.552    
     241.509       147.947         147.947    
     241.259       155.060         140.905    
     240.510       162.166         134.018    
     239.265       169.201         127.386    
     237.527       176.108         121.122    
     235.305       182.836         115.353    
     232.606       189.341         110.218    
     229.442       195.583         105.865    
     225.824       201.529         102.438    
     221.767       207.146         100.068    
     217.288       212.407          98.856    
     212.407       217.288          98.856    
     207.146       221.767         100.068    
     201.529       225.824         102.438    
     195.583       229.442         105.865    
     189.341       232.606         110.218    
     182.836       235.305         115.353    
     176.108       237.527         121.122    
     169.201       239.265         127.386    
     162.166       240.510         134.018    
     155.060       241.259         140.905    
     147.947       241.509         147.947    
     140.905       241.259         155.060    
     134.018       240.510         162.166    
     127.386       239.265         169.201    
     121.122       237.527         176.108    
     115.353       235.305         182.836    
     110.218       232.606         189.341    
     105.865       229.442         195.583    
     102.438       225.824         201.529    
     100.068       221.767         207.146    
      98.856       217.288         212.407    
      98.856       212.407         217.288    
     100.068       207.146         221.767    
     102.438       201.529         225.824    
     105.865       195.583         229.442    
     110.218       189.341         232.606    
     115.353       182.836         235.305    
     121.122       176.108         237.527    
     127.386       169.201         239.265    
     134.018       162.166         240.510    
     140.905       155.060         241.259    
     147.947       147.947         241.509    
     155.060       140.905         241.259    
     162.166       134.018         240.510    
     169.201       127.386         239.265    
     176.108       121.122         237.527    
     182.836       115.353         235.305    
     189.341       110.218         232.606    
     195.583       105.865         229.442    
     201.529       102.438         225.824    
     207.146       100.068         221.767    
     212.407        98.856         217.288    
     217.288        98.856         212.407    
     221.767       100.068         207.146    
     225.824       102.438         201.529    
     229.442       105.865         195.583    
     232.606       110.218         189.341    
     235.305       115.353         182.836    
     237.527       121.122         176.108    
     239.265       127.386         169.201    
     240.510       134.018         162.166    
     241.259       140.905         155.060    
     241.509       147.947         147.947    
     510.420       509.552         509.552    
     510.420       509.552         509.552    
     541.509       447.947         447.947    
     541.259       455.060         440.905    
     540.510       462.166         434.018    
     539.265       469.201         427.386    
     537.527       476.108         421.122    
     535.305       482.836         415.353    
     532.606       489.341         410.218    
     529.442       495.583         405.865    
     525.824       501.529         402.438    
     521.767       507.146         400.068    
     517.288       512.407         398.856    
     512.407       517.288         398.856    
     507.146       521.767         400.068    
     501.529       525.824         402.438    
     495.583       529.442         405.865    
     489.341       532.606         410.218    
     482.836       535.305         415.353    
     476.108       537.527         421.122    
     469.201       539.265         427.386    
     462.166       540.510         434.018    
     455.060       541.259         440.905    
     447.947       541.509         447.947    
     440.905       541.259         455.060    
     434.018       540.510         462.166    
     427.386       539.265         469.201    
     421.122       537.527         476.108    
     415.353       535.305         482.836    
     410.218       532.606         489.341    
     405.865       529.442         495.583    
     402.438       525.824         501.529    
     400.068       521.767         507.146    
     398.856       517.288         512.407    
     398.856       512.407         517.288    
     400.068       507.146         521.767    
     402.438       501.529         525.824    
     405.865       495.583         529.442    
     410.218       489.341         532.606    
     415.353       482.836         535.305    
     421.122       476.108         537.527    
     427.386       469.201         539.265    
     434.018       462.166         540.510    
     440.905       455.060         541.259    
     447.947       447.947         541.509    
     455.060       440.905         541.259    
     462.166       434.018         540.510    
     469.201       427.386         539.265    
     476.108       421.122         537.527    
     482.836       415.353         535.305    
     489.341       410.218         532.606    
     495.583       405.865         529.442    
     501.529       402.438         525.824    
     507.146       400.068         521.767    
     512.407       398.856         517.288    
     517.288       398.856         512.407    
     521.767       400.068         507.146    
     525.824       402.438         501.529    
     529.442       405.865         495.583    
     532.606       410.218         489.341    
     535.305       415.353         482.836    
     537.527       421.122         476.108    
     539.265       427.386         469.201    
     540.510       434.018         462.166    
     541.259       440.905         455.060    
     541.509       447.947         447.947    
