77876984.000         170.231       235.477        66.725       584.698    
77397089.000         169.231       233.477        67.725       587.198    
85093931.000         178.231       240.477        76.225       588.198    
92535784.000         187.731       239.477        74.225       593.698    
155693113.000         198.017       495.921        74.340       901.610    
279035280.000         284.231       429.794        71.510       877.720    
596916260.000         411.559       446.404        86.517       966.141    
206558218.000         271.680       370.833        77.340       683.510    
131286895.000         204.709       279.607        69.776       766.437    
296209025.000         265.027       596.448        89.809       999.356    
165916264.000         238.042       385.501        66.768       692.840    
77397089.000         169.231       233.477        67.725       587.198    
77876984.000         170.231       235.477        66.725       584.698    
85093931.000         178.231       240.477        76.225       588.198    
167456676.000         238.042       385.501        75.425       692.840    
77307649.000         169.231       233.477        66.725       587.198    
77307649.000         169.231       233.477        66.725       587.198    
86030166.000         179.231       240.477        77.225       589.198    
77449027.000         169.231       234.477        67.725       587.198    
206790099.000         271.680       370.833        77.340       684.510    
279289080.000         284.231       429.794        71.510       878.720    
85727071.000         179.231       240.477        75.225       588.198    
130215644.000         203.709       279.607        69.776       766.437    
298101209.000         266.027       595.448        89.809       999.356    
594364385.000         410.559       446.404        86.517       966.141    
131418546.000         204.709       279.607        69.776       767.437    
85827919.000         179.231       240.477        76.225       588.198    
92581427.000         187.731       238.477        74.225       594.698    
77876984.000         170.231       235.477        66.725       584.698    
594364385.000         410.559       446.404        86.517       966.141    
77218684.000         169.231       233.477        65.725       587.198    
77359055.000         169.231       234.477        67.725       586.198    
78091076.000         170.231       233.477        66.725       588.198    
86810704.000         180.231       239.477        78.225       589.198    
78128478.000         170.231       232.477        67.725       588.198    
166617478.000         237.042       385.501        76.425       693.840    
77359353.000         169.231       234.477        66.725       587.198    
92862519.000         187.731       239.477        75.225       595.698    
279648275.000         284.231       430.794        72.510       878.720    
85093460.000         178.231       240.477        75.225       589.198    
85888349.000         179.231       241.477        77.225       587.198    
129349440.000         202.709       280.607        69.776       767.437    
86727892.000         180.231       241.477        77.225       588.198    
77359353.000         169.231       234.477        66.725       587.198    
78324635.000         170.231       234.477        67.725       589.198    
85929246.000         179.231       240.477        77.225       588.198    
78233596.000         170.231       234.477        67.725       588.198    
206816386.000         271.680       370.833        76.340       685.510    
83142626.000         168.616       223.336        52.527       676.389    
84717923.000         178.231       240.477        71.436       589.198    
78037439.000         170.231       232.477        67.725       587.198    
86789352.000         180.231       242.477        78.225       587.198    
78468154.000         170.231       235.477        67.725       590.198    
166701653.000         237.042       384.501        76.425       694.840    
853325506.000         463.527       745.136        76.709       989.147    
77307117.000         169.231       233.477        67.725       586.198    
87076593.000         180.231       240.477        79.225       590.198    
128285111.000         201.709       280.607        69.776       767.437    
92797208.000         187.731       238.477        75.225       595.698    
596808011.000         411.559       446.404        87.517       965.141    
78271526.000         170.231       233.477        68.725       588.198    
78104581.000         170.231       235.477        66.725       587.198    
86091334.000         179.231       241.477        78.225       588.198    
77449326.000         169.231       234.477        66.725       588.198    
77186075.000         169.231       235.477        66.725       584.698    
85738115.000         179.231       241.477        78.225       584.698    
77255127.000         169.231       232.477        67.725       586.198    
78931638.000         171.231       234.477        67.725       588.198    
77275983.000         169.231       235.477        67.725       584.698    
78105644.000         170.231       235.477        65.725       588.198    
77345099.000         169.231       232.477        67.725       587.198    
78805243.000         171.231       235.477        64.725       589.198    
78969520.000         171.231       233.477        68.725       588.198    
78916098.000         171.231       232.477        68.725       588.198    
79650501.000         172.231       236.477        65.725       589.198    
79039963.000         171.231       236.477        65.725       590.198    
79007349.000         171.231       232.477        69.725       588.198    
78947851.000         171.231       236.477        65.725       589.198    
